Analízis 1 vizsgák | 15162 | Szili

DEFIK
-----

0530: 003 004 014 043 048 051 053 066 069 079 082 089 096 110 112
0606: 002 008 016 022 038 048 058 060 076 091 093 098 105 111 120     duplicates (01): 048
0613: 001 011 015 026 035 044 047 049 057 061 070 078 090 095 117     duplicates (00): ---
0620: 005 006 047 054 066 073 074 079 087 091 094 100 103 108 121     duplicates (04): 047, 066, 079, 091
0627: 003 004 017 038 048 056 059 068 069 082 087 089 096 102 110     duplicates (10): 003, 004, 038, 048, 069, 082, 087, 089, 096, 110
UV

all duplicates, non-UV (04): 047, 048, 066, 079, 091
all duplicates, UV too (14): 003, 004, 038, 047, 048, 066, 069, 079, 082, 087, 089, 091, 096, 110


BIZIK:
------

0530: 08, 18
0606: 12, 26
0613: 03, 19
0620: 07, 11
0627: 02, 18 (UV)
duplicates, UV too (1): 18
otherwise no duplicates

*****************************************************************************************************

Analízis 2 vizsgák | 16171 | Szili

DEFIK (17, 47, 58, 68)
-----

0103: 02, 15, 18, 19, 29, 32, 41, 46, 52, 56, 61, 65, 75, 89, 95
0110: 04, 10, 16, 17, 25, 34, 37, 43, 52, 54, 60, 65, 75, 77, 82
duplicates (03): 52, 65, 75
0117: 01, 08, 14, 19, 20, 23, 30, 41, 45, 48, 52, 58, 65, 79, 93
duplicates (04): 19, 41, 52, 65
0124: 

duplicates (05): 19, 41, 52, 65, 75


BIZIK
-----

0103: 03, 18
0110: 12, 20
0117: 10, 19
0124: 08, 20
UV:
duplicates (1): 20