Analízis 1 vizsgák | 16172 | Weisz

definíciók: (61 konvergenciájáról és összegéről)
170530  02  04  14  19  32  38  43  46  58  61  63  69  92  102 108
170606  01  16  21  34  49  53  65  67  70  75  82  85  98  107 110     ismétlődések (00)
170613  06  05  14  40  44  51  63  67  72  73  81  84  95  99  107     ismétlődések (03):  14  63  67  107
170620  01  17  33  39  44  49  64  73  75  82  84  88  93  102 107     ismétlődések (09):  01  44  49  73  75  82  84  102 107
170627  05  14  11  21  40  32  46  56  58  63  70  78  80  100 97      ismétlődések (09):  05  14  21  40  32  46  58  63  70
170704  01  06  09  20  31  51  55  61  43  49  69  85  89  102 108     ismétlődések (10):  01  06  51  61  43  49  69  85  102 108
összes ismétlődés (26): 01  05  06  14  21  32  40  43  44  46  49  51  58  61  63  67  69  70  73  75  82  84  85  102 107 108

bizonyítások: 15 + 15
megaj.  12  19
170530  02  28      ismétlődések (00)
180109  11  19      ismétlődések (01):  19 (megajánlottról)
170613  03  27      ismétlődések (00)
170620  08  17      ismétlődések (00)
170627  02  20      ismétlődések (01):  02
170704  03  19      ismétlődések (02):  03  19 (nem csak megajánlottról)
összes ismétlődés (03): 02  03  19

*****************************************************************************

Analízis 2 vizsgák | 17181 | Weisz

definíciók:
180104  08  21  30  38  40  41  43  45  58  64  70  79  86  87  89
180109  02  05  15  19  25  29  31  35  48  51  69  73  75  78  91      ismétlődések (00)
180116  12  03  18  23  24  32  37  39  42  46  59  63  74  78  89      ismétlődések (02):  78  89
180123  07  10  12  18  24  30  36  43  53  56  64  75  76  87  90      ismétlődések (08):  12  18  24  30  43  64  75  87
(36 minimumra...)

bizonyítások:
megaj.  07  20 (07 csak szorzat)
180104  05  20                      ismétlődések (01):  20 (megajánlottról)
180109  03  19 (19 csak szorzat)    ismétlődések (00)
180116  04  22                      ismétlődések (00)
180123  11  17 (11 cauchy)          ismétlődések (00)